64E8388  106.856724387104  11.147348026618
53E9970  106.701016545624  10.880662066753
64E9258  106.216321231975  10.483713352817
54B9697  106.882507271045  10.007161644121
57A9559  106.769435964612  10.81986518198
53D8084  106.173813778726  11.480613995047
64C8950  106.650075202229  11.543364084736
51C8187  106.65989983364  10.212865119427
54D8434  106.372534323661  10.566461013827
53D8380  106.839828423606  10.461668590034
54D9488  106.262912299654  9.443179475906
51D8963  106.416671483187  11.567703855721
51D9724  106.355537025691  10.892040381871
57B9479  106.641148086659  10.943378349571
61F9292  106.114328240369  10.49422665704
64B9985  106.52167858788  11.727413943417
61D9599  106.584075775465  10.814243416613
54D9931  107.390086213848  10.078269328176
54A8095  107.864421184876  10.612988706554
